|0 |2 |2 | (16sec)
|194 |0 |200 | (19sec)
|0 |0 |1 | (6sec)
|0 |0 |1 | (7sec)
|0 |0 |1 | (6sec)
|16 |4 |20 | (15sec)
|0 |0 |1 | (13mins, 29sec)
|0 |0 |1 | (39sec)
|0 |0 |1 | (7sec)
|0 |0 |1 | (7sec)
|0 |0 |1 | (7sec)
|0 |0 |1 | (8sec)
|0 |2 |2 | (17sec)
|0 |0 |1 | (7sec)
|0 |2 |2 | (16sec)
|0 |0 |1 | (9sec)
|0 |0 |1 | (6sec)
|0 |0 |1 | (7sec)
|33 |1 |50 | (17sec)
|0 |0 |1 | (7sec)
|0 |0 |1 | (6sec)
|15 |5 |20 | (14sec)
|0 |0 |1 | (7sec)
|0 |2 |2 | (16sec)
|22 |13 |51 | (35sec)
|0 |0 |1 | (5sec)
|0 |2 |2 | (16sec)
|0 |0 |1 | (6sec)
|0 |0 |1 | (6sec)
|0 |0 |1 | (6sec)
|773 |22 |802 | (1mins, 34sec)
|0 |4 |4 | (59sec)
|0 |2 |2 | (28sec)
|1 |3 |4 | (27sec)
|187 |11 |203 | (1mins, 24sec)
|1 |3 |4 | (28sec)
|0 |2 |2 | (24sec)
|86 |16 |103 | (1mins, 32sec)
|0 |2 |2 | (23sec)
|24 |11 |51 | (1mins, 20sec)
|0 |0 |1 | (2mins, 3sec)
|0 |2 |2 | (23sec)
|0 |0 |1 | (7sec)
|4,753 |44 |4,805 | (4mins, 8sec)
|0 |0 |1 | (6sec)
|0 |4 |4 | (14sec)
|0 |0 |1 | (7sec)
|0 |4 |4 | (16sec)
|0 |0 |1 | (7sec)
|0 |0 |1 | (16sec)
|0 |2 |2 | (16sec)
|0 |2 |2 | (15sec)
|0 |0 |1 | (6sec)
|14 |6 |20 | (14sec)
|0 |0 |1 | (6sec)
|368 |25 |400 | (33sec)
|0 |0 |1 | (7sec)
|0 |2 |2 | (14sec)
|0 |0 |1 | (7sec)
|16 |4 |20 | (13sec)
|0 |0 |1 | (6sec)
|98 |1 |100 | (15sec)
|0 |2 |2 | (14sec)
|0 |0 |1 | (9sec)
|0 |0 |1 | (7sec)
|15 |5 |20 | (13sec)
|0 |0 |1 | (13sec)
|9 |12 |21 | (1mins, 11sec)
|0 |0 |1 | (7sec)
|4,749 |49 |4,804 | (3mins, 53sec)
|386 |7 |400 | (41sec)
|13 |8 |21 | (52sec)
|0 |4 |4 | (24sec)
|0 |2 |2 | (26sec)
|0 |0 |1 | (6sec)
|0 |2 |2 | (16sec)
|0 |2 |2 | (16sec)
|1 |1 |2 | (13sec)
|0 |0 |1 | (7sec)
|0 |4 |4 | (15sec)
|0 |0 |1 | (7sec)
|34 |0 |50 | (15sec)
|0 |0 |1 | (6sec)
|34 |0 |50 | (15sec)
|0 |0 |1 | (7sec)
|0 |2 |2 | (15sec)
|0 |0 |1 | (6sec)
|1 |3 |4 | (14sec)
|0 |0 |1 | (7sec)
|0 |2 |2 | (16sec)
|0 |0 |1 | (5sec)
|34 |0 |50 | (15sec)
|0 |0 |1 | (6sec)
|0 |2 |2 | (16sec)
|0 |0 |1 | (7sec)
|98 |1 |100 | (16sec)
|0 |0 |1 | (6sec)
|0 |4 |4 | (15sec)
|0 |0 |1 | (6sec)
|0 |0 |1 | (7sec)
|1 |3 |4 | (20sec)
|0 |0 |1 | (17sec)
|0 |0 |1 | (6sec)
|185 |9 |200 | (21sec)
|0 |0 |1 | (7sec)
|0 |0 |1 | (7sec)
|187 |9 |200 | (25sec)
|0 |0 |1 | (7sec)
|6 |15 |21 | (1mins, 16sec)
|0 |2 |2 | (57sec)
|10 |11 |21 | (1mins, 6sec)
|773 |17 |800 | (1mins, 8sec)
|0 |0 |1 | (6sec)
|0 |2 |2 | (18sec)
|0 |2 |2 | (59sec)
|0 |2 |2 | (59sec)
|0 |0 |1 | (6sec)
|15 |5 |20 | (16sec)
|0 |0 |1 | (9sec)
|0 |0 |1 | (14mins, 1sec)
|0 |2 |2 | (15sec)
|0 |0 |1 | (6sec)
|0 |0 |1 | (9sec)
|0 |0 |1 | (7sec)
|0 |0 |1 | (7sec)
|0 |0 |1 | (6sec)
|0 |0 |1 | (7sec)
|87 |12 |100 | (18sec)
|1 |1 |2 | (16sec)
|0 |0 |1 | (7sec)
|0 |0 |1 | (38sec)
|0 |0 |1 | (6sec)
