|0 |0 |1 | (13sec)
|9 |12 |21 | (1mins, 11sec)
|0 |0 |1 | (7sec)
|4,749 |49 |4,804 | (3mins, 53sec)
|386 |7 |400 | (41sec)
|13 |8 |21 | (52sec)
|0 |4 |4 | (24sec)
|0 |2 |2 | (26sec)
|0 |0 |1 | (6sec)
|0 |2 |2 | (16sec)
|0 |2 |2 | (16sec)
|1 |1 |2 | (13sec)
|0 |0 |1 | (7sec)
|0 |4 |4 | (15sec)
|0 |0 |1 | (7sec)
|34 |0 |50 | (15sec)
|0 |0 |1 | (6sec)
|34 |0 |50 | (15sec)
|0 |0 |1 | (7sec)
|0 |2 |2 | (15sec)
|0 |0 |1 | (6sec)
|1 |3 |4 | (14sec)
|0 |0 |1 | (7sec)
|0 |2 |2 | (16sec)
|0 |0 |1 | (5sec)
|34 |0 |50 | (15sec)
|0 |0 |1 | (6sec)
|0 |2 |2 | (16sec)
|0 |0 |1 | (7sec)
|98 |1 |100 | (16sec)
|0 |0 |1 | (6sec)
|0 |4 |4 | (15sec)
|0 |0 |1 | (6sec)
|0 |0 |1 | (7sec)
|1 |3 |4 | (20sec)
|0 |0 |1 | (17sec)
|0 |0 |1 | (6sec)
|185 |9 |200 | (21sec)
|0 |0 |1 | (7sec)
|0 |0 |1 | (7sec)
|187 |9 |200 | (25sec)
|0 |0 |1 | (7sec)
|6 |15 |21 | (1mins, 16sec)
|0 |2 |2 | (57sec)
|10 |11 |21 | (1mins, 6sec)
|773 |17 |800 | (1mins, 8sec)
|0 |0 |1 | (6sec)
|0 |2 |2 | (18sec)
|0 |2 |2 | (59sec)
|0 |2 |2 | (59sec)
|0 |0 |1 | (6sec)
|15 |5 |20 | (16sec)
|0 |0 |1 | (9sec)
|0 |0 |1 | (14mins, 1sec)
|0 |2 |2 | (15sec)
|0 |0 |1 | (6sec)
|0 |0 |1 | (9sec)
|0 |0 |1 | (7sec)
|0 |0 |1 | (7sec)
|0 |0 |1 | (6sec)
|0 |0 |1 | (7sec)
|87 |12 |100 | (18sec)
|1 |1 |2 | (16sec)
|0 |0 |1 | (7sec)
|0 |0 |1 | (38sec)
|0 |0 |1 | (6sec)
