|0 |2 |2 | (16sec)
|194 |0 |200 | (19sec)
|0 |0 |1 | (6sec)
|0 |0 |1 | (7sec)
|0 |0 |1 | (6sec)
|16 |4 |20 | (15sec)
|0 |0 |1 | (13mins, 29sec)
|0 |0 |1 | (39sec)
|0 |0 |1 | (7sec)
|0 |0 |1 | (7sec)
|0 |0 |1 | (7sec)
|0 |0 |1 | (8sec)
|0 |2 |2 | (17sec)
|0 |0 |1 | (7sec)
|0 |2 |2 | (16sec)
|0 |0 |1 | (9sec)
|0 |0 |1 | (6sec)
|0 |0 |1 | (7sec)
|33 |1 |50 | (17sec)
|0 |0 |1 | (7sec)
|0 |0 |1 | (6sec)
|15 |5 |20 | (14sec)
|0 |0 |1 | (7sec)
|0 |2 |2 | (16sec)
|22 |13 |51 | (35sec)
|0 |0 |1 | (5sec)
|0 |2 |2 | (16sec)
|0 |0 |1 | (6sec)
|0 |0 |1 | (6sec)
|0 |0 |1 | (6sec)
|773 |22 |802 | (1mins, 34sec)
|0 |4 |4 | (59sec)
|0 |2 |2 | (28sec)
|1 |3 |4 | (27sec)
|187 |11 |203 | (1mins, 24sec)
|1 |3 |4 | (28sec)
|0 |2 |2 | (24sec)
|86 |16 |103 | (1mins, 32sec)
|0 |2 |2 | (23sec)
|24 |11 |51 | (1mins, 20sec)
|0 |0 |1 | (2mins, 3sec)
|0 |2 |2 | (23sec)
|0 |0 |1 | (7sec)
|4,753 |44 |4,805 | (4mins, 8sec)
|0 |0 |1 | (6sec)
|0 |4 |4 | (14sec)
|0 |0 |1 | (7sec)
|0 |4 |4 | (16sec)
|0 |0 |1 | (7sec)
|0 |0 |1 | (16sec)
|0 |2 |2 | (16sec)
|0 |2 |2 | (15sec)
|0 |0 |1 | (6sec)
|14 |6 |20 | (14sec)
|0 |0 |1 | (6sec)
|368 |25 |400 | (33sec)
|0 |0 |1 | (7sec)
|0 |2 |2 | (14sec)
|0 |0 |1 | (7sec)
|16 |4 |20 | (13sec)
|0 |0 |1 | (6sec)
|98 |1 |100 | (15sec)
|0 |2 |2 | (14sec)
|0 |0 |1 | (9sec)
|0 |0 |1 | (7sec)
|15 |5 |20 | (13sec)