|745 |49 |802 | (1mins, 13sec)
|170 |24 |201 | (34sec)
|2 |2 |4 | (17sec)
|0 |2 |2 | (16sec)
|0 |2 |2 | (16sec)
|81 |18 |100 | (19sec)
|0 |0 |1 | (32sec)
|10 |10 |20 | (14sec)
|0 |0 |1 | (7sec)
|0 |0 |1 | (6sec)
|0 |0 |1 | (6sec)
|0 |2 |2 | (16sec)
|0 |0 |1 | (9sec)
|0 |0 |1 | (7sec)
|164 |29 |201 | (34sec)
|0 |0 |1 | (6sec)
|1 |3 |4 | (13sec)
|0 |0 |1 | (5sec)
|33 |1 |50 | (15sec)
|0 |0 |1 | (6sec)
|0 |4 |4 | (15sec)
|0 |0 |1 | (6sec)
|0 |2 |2 | (14sec)
|0 |0 |1 | (6sec)
|1 |3 |4 | (13sec)
|0 |0 |1 | (6sec)
|0 |2 |2 | (16sec)
|0 |0 |1 | (6sec)
|11 |9 |20 | (13sec)
|0 |0 |1 | (6sec)
|4,661 |136 |4,804 | (4mins, 39sec)
|0 |0 |1 | (7sec)
|0 |0 |1 | (7sec)
|0 |0 |1 | (17sec)
|0 |0 |1 | (14mins, 10sec)
|0 |2 |2 | (17sec)
|0 |2 |2 | (15sec)
|0 |2 |2 | (16sec)
|0 |0 |1 | (6sec)
|306 |90 |402 | (1mins, 10sec)
|0 |0 |1 | (13sec)
|0 |0 |1 | (7sec)
|0 |2 |2 | (15sec)
|0 |0 |1 | (6sec)
|0 |0 |1 | (7sec)
|22 |13 |51 | (43sec)
|83 |16 |100 | (20sec)
|0 |0 |1 | (6sec)
|0 |2 |2 | (18sec)
|0 |0 |1 | (7sec)
|0 |0 |1 | (6sec)
|1 |1 |2 | (16sec)
|33 |1 |50 | (16sec)
|0 |0 |1 | (6sec)
|15 |5 |20 | (14sec)
|0 |0 |1 | (7sec)
|0 |2 |2 | (15sec)
|0 |0 |1 | (6sec)
|12 |8 |20 | (13sec)
|0 |0 |1 | (6sec)
|12 |8 |20 | (14sec)
|0 |0 |1 | (6sec)
|0 |2 |2 | (15sec)
|0 |0 |1 | (7sec)
|0 |4 |4 | (13sec)
|0 |0 |1 | (7sec)
