|4 |0 |4 | (15sec)
|0 |0 |1 | (8sec)
|0 |0 |1 | (5sec)
|20 |0 |20 | (13sec)
|2 |0 |2 | (15sec)
|192 |0 |200 | (17sec)
|0 |0 |1 | (5sec)
|2 |0 |2 | (14sec)
|0 |0 |1 | (7sec)
|182 |11 |200 | (19sec)
|2 |0 |2 | (14sec)
|0 |0 |1 | (15sec)
|0 |0 |1 | (6sec)
|99 |0 |100 | (15sec)
|0 |0 |1 | (6sec)
|387 |4 |400 | (25sec)
|0 |0 |1 | (6sec)
|2 |0 |2 | (16sec)
|0 |0 |1 | (6sec)
|4 |0 |4 | (15sec)
|2 |0 |2 | (15sec)
|0 |0 |1 | (8sec)
|0 |0 |1 | (6sec)
|4 |0 |4 | (15sec)
|2 |0 |2 | (15sec)
|2 |0 |2 | (17sec)
|0 |0 |1 | (38sec)
|0 |0 |1 | (6sec)
|0 |0 |1 | (6sec)
|780 |13 |800 | (41sec)
|0 |0 |1 | (6sec)
|17 |3 |20 | (14sec)
|0 |0 |1 | (7sec)
|0 |0 |1 | (14mins, 13sec)
|0 |0 |1 | (6sec)
|33 |1 |50 | (15sec)
|0 |0 |1 | (7sec)
|34 |0 |50 | (15sec)
|0 |0 |1 | (6sec)
|19 |1 |20 | (14sec)
|0 |0 |1 | (6sec)
|20 |0 |20 | (14sec)
|0 |0 |1 | (7sec)
|2 |0 |2 | (15sec)
|0 |0 |1 | (6sec)
|2 |0 |2 | (16sec)
|0 |0 |1 | (7sec)
|2 |0 |2 | (16sec)
|0 |0 |1 | (7sec)
|4 |0 |4 | (14sec)
|1 |1 |2 | (15sec)
|0 |0 |1 | (6sec)
|3 |1 |4 | (15sec)
|0 |0 |1 | (6sec)
|0 |0 |1 | (5sec)
|4,718 |79 |4,805 | (4mins, 6sec)
|0 |0 |1 | (6sec)
|1 |1 |2 | (14sec)
|30 |4 |50 | (17sec)
|0 |0 |1 | (6sec)
|0 |0 |1 | (6sec)
|0 |0 |1 | (7sec)
|18 |2 |20 | (14sec)
|1 |1 |2 | (14sec)
|90 |9 |100 | (21sec)
|0 |0 |1 | (6sec)
