|12 |8 |20 | (16sec)
|12 |8 |20 | (13sec)
|0 |0 |1 | (6sec)
|13 |7 |20 | (14sec)
|0 |0 |1 | (6sec)
|0 |2 |2 | (13sec)
|0 |0 |1 | (5sec)
|184 |7 |200 | (19sec)
|0 |0 |1 | (6sec)
|0 |2 |2 | (15sec)
|1 |1 |2 | (14sec)
|0 |0 |1 | (9sec)
|0 |0 |1 | (6sec)
|0 |2 |2 | (15sec)
|0 |0 |1 | (7sec)
|34 |0 |50 | (15sec)
|0 |0 |1 | (6sec)
|1 |3 |4 | (14sec)
|0 |0 |1 | (6sec)
|4,681 |118 |4,804 | (3mins, 57sec)
|0 |0 |1 | (6sec)
|765 |30 |800 | (52sec)
|76 |23 |100 | (25sec)
|0 |0 |1 | (35sec)
|0 |4 |4 | (14sec)
|0 |2 |2 | (16sec)
|0 |0 |1 | (5sec)
|0 |2 |2 | (15sec)
|0 |0 |1 | (6sec)
|0 |2 |2 | (16sec)
|0 |0 |1 | (6sec)
|0 |0 |1 | (7sec)
|0 |0 |1 | (7sec)
|98 |1 |100 | (15sec)
|0 |0 |1 | (6sec)
|0 |4 |4 | (17sec)
|156 |37 |200 | (32sec)
|0 |0 |1 | (6sec)
|0 |0 |1 | (8sec)
|0 |0 |1 | (9sec)
|0 |2 |2 | (14sec)
|1 |1 |2 | (14sec)
|0 |0 |1 | (7sec)
|0 |2 |2 | (17sec)
|0 |2 |2 | (16sec)
|0 |0 |1 | (6sec)
|0 |0 |1 | (6sec)
|1 |3 |4 | (16sec)
|29 |5 |50 | (29sec)
|0 |0 |1 | (6sec)
|0 |2 |2 | (16sec)
|1 |3 |4 | (15sec)
|0 |0 |1 | (7sec)
|340 |55 |401 | (53sec)
|0 |0 |1 | (7sec)
|0 |0 |1 | (7sec)
|0 |0 |1 | (6sec)
|0 |2 |2 | (14sec)
|0 |0 |1 | (6sec)
|0 |0 |1 | (5sec)
|11 |9 |20 | (13sec)
|13 |7 |20 | (13sec)
|0 |0 |1 | (14sec)
|34 |0 |50 | (15sec)
|0 |0 |1 | (7sec)
|0 |0 |1 | (13mins, 34sec)
